[gd_scene load_steps=7 format=3 uid="uid://c2r4oj44owm85"]

[ext_resource type="Script" uid="uid://ck5xbirpvmua8" path="res://Player/player.gd" id="1_l8h54"]
[ext_resource type="Script" uid="uid://ddufoweys5rgd" path="res://Player/smooth_camera_arm.gd" id="2_4ntmi"]
[ext_resource type="PackedScene" uid="uid://cwef8426rdoyn" path="res://Player/rig.tscn" id="3_btcbx"]
[ext_resource type="Script" uid="uid://b1n2xjomfb150" path="res://Player/attack_cast.gd" id="4_gwnis"]

[sub_resource type="CapsuleShape3D" id="CapsuleShape3D_hvfyp"]

[sub_resource type="SeparationRayShape3D" id="SeparationRayShape3D_l8h54"]

[node name="Player" type="CharacterBody3D"]
script = ExtResource("1_l8h54")

[node name="CollisionShape3D" type="CollisionShape3D" parent="."]
shape = SubResource("CapsuleShape3D_hvfyp")

[node name="SmoothCameraArm" type="SpringArm3D" parent="." node_paths=PackedStringArray("target")]
transform = Transform3D(1, 0, 0, 0, 0.906308, 0.422618, 0, -0.422618, 0.906308, 0, 0, 0)
shape = SubResource("SeparationRayShape3D_l8h54")
spring_length = 4.0
script = ExtResource("2_4ntmi")
target = NodePath("../HorizontalPivot/VerticalPivot")

[node name="Camera3D" type="Camera3D" parent="SmoothCameraArm"]

[node name="HorizontalPivot" type="Node3D" parent="."]

[node name="VerticalPivot" type="Node3D" parent="HorizontalPivot"]

[node name="RigPivot" type="Node3D" parent="."]
transform = Transform3D(1, 0, 0, 0, 1, 0, 0, 0, 1, 0, -1, 0)

[node name="Rig" parent="RigPivot" instance=ExtResource("3_btcbx")]

[node name="Skeleton3D" parent="RigPivot/Rig/CharacterRig/GameRig" index="0"]
bones/0/position = Vector3(0.0295904, 0.89728, -0.015645)
bones/1/rotation = Quaternion(-0.0507698, 0.000187463, 0.00201055, 0.998708)
bones/2/rotation = Quaternion(0.019608, -0.00358007, -0.0311107, 0.999317)
bones/3/position = Vector3(2.74376e-09, 0.190515, -2.67841e-08)
bones/3/rotation = Quaternion(-0.178822, -0.0154785, 0.0719715, 0.981124)
bones/4/rotation = Quaternion(0.352193, -0.00195751, -0.101353, 0.930421)
bones/6/rotation = Quaternion(-0.182431, 0.025608, 0.0566455, 0.981252)
bones/7/position = Vector3(0.0295904, 0.89728, -0.0156449)
bones/8/position = Vector3(0.0295904, 0.89728, -0.015645)
bones/9/position = Vector3(0.160734, 0.962967, -0.000336291)
bones/9/rotation = Quaternion(0.966544, -0.0238736, -0.0280545, 0.253841)
bones/10/position = Vector3(-4.95844e-09, 0.265878, 1.42583e-09)
bones/10/rotation = Quaternion(4.47609e-08, -0.00761392, 9.41549e-09, 0.999971)
bones/11/position = Vector3(-4.7497e-09, 0.265878, -1.7805e-08)
bones/11/rotation = Quaternion(0.407962, -0.00712925, 0.00427987, 0.912961)
bones/12/position = Vector3(1.04876e-08, 0.225895, 2.42939e-08)
bones/12/rotation = Quaternion(-1.41057e-08, 0.0110051, 2.26548e-08, 0.999939)
bones/13/position = Vector3(-1.3363e-08, 0.225895, -1.65073e-08)
bones/13/rotation = Quaternion(-0.703118, 0.035988, -0.0262316, 0.709677)
bones/15/position = Vector3(-0.101553, 0.962967, -0.000336269)
bones/15/rotation = Quaternion(0.998727, -0.0348328, 0.031162, 0.0189899)
bones/16/position = Vector3(-5.75105e-09, 0.263835, -2.30571e-08)
bones/16/rotation = Quaternion(-2.79819e-08, -0.00139317, -1.44764e-08, 0.999999)
bones/17/position = Vector3(8.75087e-09, 0.263835, -8.10278e-09)
bones/17/rotation = Quaternion(0.511591, -0.00115508, 0.00223494, 0.859225)
bones/18/position = Vector3(6.72024e-09, 0.223772, -3.01096e-09)
bones/18/rotation = Quaternion(1.86275e-09, -0.0134992, 1.4696e-08, 0.999909)
bones/19/position = Vector3(-6.1731e-09, 0.223772, -5.6851e-10)
bones/19/rotation = Quaternion(-0.587486, -0.0366228, -0.00801283, 0.808365)
bones/21/position = Vector3(0.0545733, 1.40665, 0.107159)
bones/21/rotation = Quaternion(-0.436449, -0.283722, -0.3945, 0.757221)
bones/22/position = Vector3(0.217473, 1.4614, 0.0568088)
bones/22/rotation = Quaternion(-0.0411675, -0.114875, 0.977245, -0.173496)
bones/23/rotation = Quaternion(2.78855e-08, -0.0274825, 1.37544e-07, 0.999622)
bones/24/rotation = Quaternion(0.535571, -0.03282, -0.13605, 0.832813)
bones/25/rotation = Quaternion(-4.67588e-08, 0.00233337, 3.3092e-08, 0.999997)
bones/26/rotation = Quaternion(0.033034, 0.00208319, -0.182217, 0.982701)
bones/46/position = Vector3(0.0183404, 1.40374, 0.105647)
bones/46/rotation = Quaternion(-0.476459, 0.209497, 0.432754, 0.736085)
bones/47/position = Vector3(-0.144908, 1.43219, 0.0359889)
bones/47/rotation = Quaternion(0.0867607, 0.0117728, 0.980653, 0.175085)
bones/48/rotation = Quaternion(-3.00431e-08, 0.0931282, 1.753e-08, 0.995654)
bones/49/rotation = Quaternion(0.543403, 0.101251, 0.12727, 0.823568)
bones/50/rotation = Quaternion(-6.23744e-08, -0.00543738, -9.29937e-08, 0.999985)
bones/51/rotation = Quaternion(-0.146308, -0.00520931, -0.0208321, 0.989006)
bones/71/position = Vector3(0.164284, 1.34701, 0.0311135)
bones/71/rotation = Quaternion(-0.0367109, 0.54458, 0.837479, -0.0267386)
bones/72/position = Vector3(-0.074623, 1.32785, 0.021146)
bones/72/rotation = Quaternion(-0.0367109, 0.54458, 0.837479, -0.0267386)

[node name="RightHandBone" parent="RigPivot/Rig" index="2"]
transform = Transform3D(-0.99651, -0.0822953, 0.0139676, 0.0601293, -0.591654, 0.803946, -0.0578971, 0.801981, 0.594537, -0.251697, 1.07796, 0.290449)

[node name="LeftHandBone" parent="RigPivot/Rig" index="3"]
transform = Transform3D(-0.912222, -0.394754, -0.109636, 0.140749, -0.553276, 0.821021, -0.384761, 0.733522, 0.560271, 0.308012, 1.04603, 0.194188)

[node name="RayAttachment" type="BoneAttachment3D" parent="RigPivot/Rig"]
transform = Transform3D(-0.99651, -0.0822953, 0.0139676, 0.0601293, -0.591654, 0.803946, -0.0578971, 0.801981, 0.594537, -0.251697, 1.07796, 0.290449)
bone_name = "DEF-hand.R"
bone_idx = 51
use_external_skeleton = true
external_skeleton = NodePath("../CharacterRig/GameRig/Skeleton3D")

[node name="AttackCast" type="RayCast3D" parent="RigPivot/Rig/RayAttachment"]
unique_name_in_owner = true
transform = Transform3D(-2.46979e-08, 4.17176e-08, 1, 0.996195, 0.0871557, 2.0968e-08, -0.0871557, 0.996195, -4.37114e-08, -0.03, 0.075, -0.05)
target_position = Vector3(0, 1, 0)
script = ExtResource("4_gwnis")

[editable path="RigPivot/Rig"]
[editable path="RigPivot/Rig/CharacterRig"]
